-35.600006, -7.000007, 10.000000, -31.599976, -11.999983, 10.499969, -31.600037, -1.999986, 9.500031, 0.044983, 0.000653, 0.000458, 0.000000,-35.555023, -6.999354, 10.000458, -31.554993, -11.999317, 10.500427, -31.555084, -1.999323, 9.500641, 0, 0
-35.555023, -6.999354, 10.000458, -31.554993, -11.999317, 10.500427, -31.555084, -1.999323, 9.500641, 0.759521, 1.000000, 0.000397, 0.000000,-34.795502, -5.998548, 10.000854, -30.795471, -10.998519, 10.500824, -30.795532, -0.998519, 9.501038, 0, 0
-34.795502, -5.998548, 10.000854, -30.795471, -10.998519, 10.500824, -30.795532, -0.998519, 9.501038, 0.839996, 0.720736, -0.939697, 0.000000,-33.955505, -5.277812, 9.061157, -29.955475, -10.277786, 9.561096, -29.955536, -0.277792, 8.561279, 0, 0
-33.955505, -5.277812, 9.061157, -29.955475, -10.277786, 9.561096, -29.955536, -0.277792, 8.561279, 0.778961, 0.999422, 0.000092, 0.000000,-33.176544, -4.278390, 9.061249, -29.176575, -9.278399, 9.561249, -29.176544, 0.721584, 8.561249, 0, 0
-33.176544, -4.278390, 9.061249, -29.176575, -9.278399, 9.561249, -29.176544, 0.721584, 8.561249, 0.659515, 0.960978, -0.639252, 0.000000,-32.517029, -3.317412, 8.421997, -28.517029, -8.317406, 8.921997, -28.517029, 1.682573, 7.921997, 0, 0
-32.517029, -3.317412, 8.421997, -28.517029, -8.317406, 8.921997, -28.517029, 1.682573, 7.921997, 0.919403, 0.999491, 0.000122, 0.000000,-31.597626, -2.317921, 8.422119, -27.597595, -7.317892, 8.922119, -27.597656, 2.682085, 7.922150, 0, 0
-31.597626, -2.317921, 8.422119, -27.597595, -7.317892, 8.922119, -27.597656, 2.682085, 7.922150, 0.619537, 1.000000, 0.000366, 0.000000,-30.978088, -1.316876, 8.422485, -26.978058, -6.316853, 8.922455, -26.978119, 3.683132, 7.922516, 0, 0
-30.978088, -1.316876, 8.422485, -26.978058, -6.316853, 8.922455, -26.978119, 3.683132, 7.922516, 0.579437, 1.000000, -0.999023, 0.000000,-30.398651, -0.315970, 7.423462, -26.398651, -5.315954, 7.923462, -26.398682, 4.684023, 6.923462, 0, 0
-30.398651, -0.315970, 7.423462, -26.398651, -5.315954, 7.923462, -26.398682, 4.684023, 6.923462, 0.539978, 1.000000, 0.000549, 0.000000,-29.858673, 0.685400, 7.424011, -25.858673, -4.314590, 7.924011, -25.858673, 5.685387, 6.924011, 0, 0
-29.858673, 0.685400, 7.424011, -25.858673, -4.314590, 7.924011, -25.858673, 5.685387, 6.924011, 0.759155, 0.921148, -0.998962, 0.000000,-29.099518, 1.606548, 6.425049, -25.099518, -3.393430, 6.925049, -25.099548, 6.606543, 5.925018, 0, 0
-29.099518, 1.606548, 6.425049, -25.099518, -3.393430, 6.925049, -25.099548, 6.606543, 5.925018, 0.999329, 0.000850, 0.000458, 0.000000,-28.100189, 1.607398, 6.425507, -24.100220, -3.392603, 6.925507, -24.100189, 6.607372, 5.925507, 0, 0
-28.100189, 1.607398, 6.425507, -24.100220, -3.392603, 6.925507, -24.100189, 6.607372, 5.925507, 0.999115, 0.941050, 0.000397, 0.000000,-27.101074, 2.548448, 6.425903, -23.101074, -2.451544, 6.925873, -23.101074, 7.548435, 5.925903, 0, 0
-27.101074, 2.548448, 6.425903, -23.101074, -2.451544, 6.925873, -23.101074, 7.548435, 5.925903, 1.000000, -0.466112, -0.003571, 0.000000,-26.100647, 2.082335, 6.422333, -22.100647, -2.917645, 6.922333, -22.100677, 7.082331, 5.922333, 0, 0
-26.100647, 2.082335, 6.422333, -22.100647, -2.917645, 6.922333, -22.100677, 7.082331, 5.922333, 0.999084, 0.721168, -0.579041, 0.000000,-25.101563, 2.803503, 5.843292, -21.101563, -2.196476, 6.343292, -21.101593, 7.803505, 5.343292, 0, 0
-25.101563, 2.803503, 5.843292, -21.101563, -2.196476, 6.343292, -21.101593, 7.803505, 5.343292, 0.919678, 0.978220, -0.000977, 0.000000,-24.181885, 3.781723, 5.842316, -20.181885, -1.218257, 6.342316, -20.181915, 8.781721, 5.342316, 0, 0
-24.181885, 3.781723, 5.842316, -20.181885, -1.218257, 6.342316, -20.181915, 8.781721, 5.342316, 0.999146, 0.840439, 0.000214, 0.000000,-23.182739, 4.622162, 5.842529, -19.182739, -0.377819, 6.342529, -19.182770, 9.622162, 5.342529, 0, 0
-23.182739, 4.622162, 5.842529, -19.182739, -0.377819, 6.342529, -19.182770, 9.622162, 5.342529, 0.999237, 0.540653, -0.939026, 0.000000,-22.183502, 5.162815, 4.903503, -18.183502, 0.162825, 5.403503, -18.183502, 10.162802, 4.403503, 0, 0
-22.183502, 5.162815, 4.903503, -18.183502, 0.162825, 5.403503, -18.183502, 10.162802, 4.403503, 0.998993, 0.661445, 0.000946, 0.000000,-21.184509, 5.824260, 4.904449, -17.184479, 0.824292, 5.404449, -17.184540, 10.824272, 4.404449, 0, 0
-21.184509, 5.824260, 4.904449, -17.184479, 0.824292, 5.404449, -17.184540, 10.824272, 4.404449, 0.999512, -0.003151, -0.001984, -0.600000,-20.184998, 5.821109, 4.902466, -16.184967, 0.821135, 5.402466, -16.185028, 10.821110, 4.402466, 0, 0
-20.184998, 5.821109, 4.902466, -16.184967, 0.821135, 5.402466, -16.185028, 10.821110, 4.402466, 0.999969, 0.882327, 0.000763, 0.000000,-19.185028, 6.703436, 4.903229, -15.184998, 2.303486, 5.403259, -15.185089, 11.103397, 4.403229, 0, 0
-19.185028, 6.703436, 4.903229, -15.184998, 2.303486, 5.403259, -15.185089, 11.103397, 4.403229, 0.999481, -0.000402, 0.000183, 0.000000,-18.185547, 6.703033, 4.903412, -14.185516, 2.303072, 5.403442, -14.185577, 11.102987, 4.403412, 0, 0
-18.185547, 6.703033, 4.903412, -14.185516, 2.303072, 5.403442, -14.185577, 11.102987, 4.403412, 0.799011, 1.000000, 0.000275, 0.000000,-17.386536, 7.703842, 4.903687, -13.386536, 3.303864, 5.403687, -13.386566, 12.103779, 4.403687, 0, 0
-17.386536, 7.703842, 4.903687, -13.386536, 3.303864, 5.403687, -13.386566, 12.103779, 4.403687, 0.998962, 0.000959, 0.000519, 0.000000,-16.387573, 7.704802, 4.904205, -12.387543, 3.304855, 5.404205, -12.387634, 12.104769, 4.404205, 0, 0
-16.387573, 7.704802, 4.904205, -12.387543, 3.304855, 5.404205, -12.387634, 12.104769, 4.404205, 0.940033, 0.537642, -0.001434, 0.000000,-15.447540, 8.242443, 4.902771, -11.447510, 3.842476, 5.402771, -11.447571, 12.642393, 4.402802, 0, 0
-15.447540, 8.242443, 4.902771, -11.447510, 3.842476, 5.402771, -11.447571, 12.642393, 4.402802, 0.778839, -0.079256, -0.959015, 0.000000,-14.668701, 8.163187, 3.943756, -10.668671, 3.763224, 4.443756, -10.668732, 12.563143, 3.443756, 0, 0
-14.668701, 8.163187, 3.943756, -10.668671, 3.763224, 4.443756, -10.668732, 12.563143, 3.443756, 0.980774, 0.655407, -0.000732, 0.000000,-13.687927, 8.818594, 3.943024, -9.687897, 4.418633, 4.443024, -9.687958, 13.218548, 3.443054, 0, 0
-13.687927, 8.818594, 3.943024, -9.687897, 4.418633, 4.443024, -9.687958, 13.218548, 3.443054, 0.999023, 0.000986, -0.739105, 0.000000,-12.688904, 8.819580, 3.203918, -8.688873, 4.419621, 3.703918, -8.688934, 13.219542, 2.703949, 0, 0
-12.688904, 8.819580, 3.203918, -8.688873, 4.419621, 3.703918, -8.688934, 13.219542, 2.703949, 0.999512, -0.000843, -0.000458, 0.000000,-11.689392, 8.818737, 3.203461, -7.689362, 4.418778, 3.703461, -7.689423, 13.218691, 2.703461, 0, 0
-11.689392, 8.818737, 3.203461, -7.689362, 4.418778, 3.703461, -7.689423, 13.218691, 2.703461, 0.999084, 0.000065, -0.000031, 0.000000,-10.690308, 8.818802, 3.203430, -6.690308, 4.418840, 3.703430, -6.690369, 13.218752, 2.703430, 0, 0
-10.690308, 8.818802, 3.203430, -6.690308, 4.418840, 3.703430, -6.690369, 13.218752, 2.703430, 0.999329, 0.779604, -0.000153, 0.000000,-9.690979, 9.598406, 3.203278, -5.690918, 5.198453, 3.703278, -5.691040, 13.998363, 2.703278, 0, 0
-9.690979, 9.598406, 3.203278, -5.690918, 5.198453, 3.703278, -5.691040, 13.998363, 2.703278, 0.999329, -0.040249, 0.000031, 0.000000,-8.691650, 9.558157, 3.203308, -4.691650, 5.158185, 3.703308, -4.691650, 13.958101, 2.703308, 0, 0
-8.691650, 9.558157, 3.203308, -4.691650, 5.158185, 3.703308, -4.691650, 13.958101, 2.703308, 0.999176, -0.020222, -0.000122, -0.950000,-7.692474, 9.537935, 3.203186, -3.692444, 5.137959, 3.703186, -3.692505, 13.937876, 2.703186, 0, 0
-7.692474, 9.537935, 3.203186, -3.692444, 5.137959, 3.703186, -3.692505, 13.937876, 2.703186, 0.999237, -0.000103, -0.000061, -0.950000,-6.693237, 9.537832, 3.203125, -2.693176, 6.087875, 3.703156, -2.693298, 12.987749, 2.703125, 0, 0
-6.693237, 9.537832, 3.203125, -2.693176, 6.087875, 3.703156, -2.693298, 12.987749, 2.703125, 0.998962, -0.039877, 0.000214, -1.000000,-5.694275, 9.497955, 3.203339, -1.694214, 6.997995, 3.703339, -1.694336, 11.997837, 2.703339, 0, 0
-5.694275, 9.497955, 3.203339, -1.694214, 6.997995, 3.703339, -1.694336, 11.997837, 2.703339, 0.998169, -0.058716, 1.000000, 0.000000,-4.696106, 9.439240, 8.203796, -0.696045, 7.539267, 8.703796, -0.696167, 11.339096, 7.703796, 1, 0
