-35.600006, -7.000007, 10.000000, -31.599976, -11.999983, 10.499969, -31.600037, -1.999986, 9.500031, 0.040771, -0.001304, -0.000977, 0.000000,-35.559235, -7.001311, 9.999023, -31.559235, -12.001292, 10.499084, -31.559265, -2.001316, 9.499084, 0, 0
-35.559235, -7.001311, 9.999023, -31.559235, -12.001292, 10.499084, -31.559265, -2.001316, 9.499084, 0.979034, 0.940121, 0.000580, 0.000000,-34.580200, -6.061191, 9.999603, -30.580231, -11.061197, 10.499603, -30.580200, -1.061219, 9.499603, 0, 0
-34.580200, -6.061191, 9.999603, -30.580231, -11.061197, 10.499603, -30.580200, -1.061219, 9.499603, 0.801483, 1.000000, 0.000946, 0.000000,-33.778717, -5.059147, 10.000549, -29.778717, -10.059139, 10.500549, -29.778717, -0.059161, 9.500549, 0, 0
-33.778717, -5.059147, 10.000549, -29.778717, -10.059139, 10.500549, -29.778717, -0.059161, 9.500549, 0.619446, 0.800695, -0.658447, 0.000000,-33.159271, -4.258452, 9.342102, -29.159271, -9.258438, 9.842133, -29.159302, 0.741533, 8.842102, 0, 0
-33.159271, -4.258452, 9.342102, -29.159271, -9.258438, 9.842133, -29.159302, 0.741533, 8.842102, 0.819214, 0.980816, 0.001282, 0.000000,-32.340057, -3.277636, 9.343384, -28.340057, -8.277634, 9.843384, -28.340057, 1.722343, 8.843384, 0, 0
-32.340057, -3.277636, 9.343384, -28.340057, -8.277634, 9.843384, -28.340057, 1.722343, 8.843384, 0.659424, 0.821217, -0.758270, 0.000000,-31.680634, -2.456419, 8.585114, -27.680603, -7.456391, 9.085114, -27.680664, 2.543586, 8.085144, 0, 0
-31.680634, -2.456419, 8.585114, -27.680603, -7.456391, 9.085114, -27.680664, 2.543586, 8.085144, 0.721497, 0.881752, 0.003113, 0.000000,-30.959137, -1.574667, 8.588226, -26.959167, -6.574673, 9.088226, -26.959137, 3.425305, 8.088257, 0, 0
-30.959137, -1.574667, 8.588226, -26.959167, -6.574673, 9.088226, -26.959137, 3.425305, 8.088257, 0.680939, 0.995082, -0.006989, 0.000000,-30.278198, -0.579585, 8.581238, -26.278198, -5.579568, 9.081268, -26.278229, 4.420408, 8.081238, 0, 0
-30.278198, -0.579585, 8.581238, -26.278198, -5.579568, 9.081268, -26.278229, 4.420408, 8.081238, 0.559509, 1.000000, -0.918945, 0.000000,-29.718689, 0.420783, 7.662292, -25.718689, -4.579205, 8.162292, -25.718689, 5.420773, 7.162292, 0, 0
-29.718689, 0.420783, 7.662292, -25.718689, -4.579205, 8.162292, -25.718689, 5.420773, 7.162292, 0.759583, 1.000000, 0.001343, 0.000000,-28.959106, 1.421690, 7.663635, -24.959106, -3.578296, 8.163635, -24.959137, 6.421679, 7.163666, 0, 0
-28.959106, 1.421690, 7.663635, -24.959106, -3.578296, 8.163635, -24.959137, 6.421679, 7.163666, 0.659698, 0.979275, -0.780945, -0.800000,-28.299408, 2.400965, 6.882690, -24.299408, -2.599024, 7.382690, -24.299408, 7.400955, 6.382690, 0, 0
-28.299408, 2.400965, 6.882690, -24.299408, -2.599024, 7.382690, -24.299408, 7.400955, 6.382690, 0.959412, 0.980892, 0.001190, 0.000000,-27.339996, 3.381857, 6.883881, -23.339996, -0.818111, 7.383881, -23.339996, 7.581818, 6.383881, 0, 0
-27.339996, 3.381857, 6.883881, -23.339996, -0.818111, 7.383881, -23.339996, 7.581818, 6.383881, 0.879395, 0.660991, -0.798615, 0.000000,-26.460602, 4.042848, 6.085266, -22.460602, -0.157128, 6.585266, -22.460602, 8.242798, 5.585266, 0, 0
-26.460602, 4.042848, 6.085266, -22.460602, -0.157128, 6.585266, -22.460602, 8.242798, 5.585266, 1.000000, 0.718144, -0.002808, 0.000000,-25.460449, 4.760992, 6.082458, -21.460449, 0.561028, 6.582458, -21.460480, 8.960957, 5.582458, 0, 0
-25.460449, 4.760992, 6.082458, -21.460449, 0.561028, 6.582458, -21.460480, 8.960957, 5.582458, 0.798981, 0.980522, -0.938477, 0.000000,-24.661469, 5.741514, 5.143982, -20.661469, 1.541533, 5.643982, -20.661469, 9.941462, 4.643982, 0, 0
-24.661469, 5.741514, 5.143982, -20.661469, 1.541533, 5.643982, -20.661469, 9.941462, 4.643982, 0.839050, 1.000000, 0.000977, 0.000000,-23.822418, 6.742160, 5.144958, -19.822449, 2.542168, 5.644958, -19.822418, 10.942099, 4.644958, 0, 0
-23.822418, 6.742160, 5.144958, -19.822449, 2.542168, 5.644958, -19.822418, 10.942099, 4.644958, 0.939087, 0.900889, 0.001068, 0.000000,-22.883331, 7.643049, 5.146027, -18.883331, 3.443069, 5.646027, -18.883331, 11.842995, 4.646027, 0, 0
-22.883331, 7.643049, 5.146027, -18.883331, 3.443069, 5.646027, -18.883331, 11.842995, 4.646027, 0.959351, -0.037903, -0.799042, 0.000000,-21.923981, 7.605146, 4.346985, -17.923889, 3.405254, 4.846954, -17.924072, 11.805183, 3.846985, 0, 0
-21.923981, 7.605146, 4.346985, -17.923889, 3.405254, 4.846954, -17.924072, 11.805183, 3.846985, 0.998779, -0.002680, 0.000458, -0.600000,-20.925201, 7.602467, 4.347443, -16.925201, 3.402485, 4.847443, -16.925201, 11.802410, 3.847443, 0, 0
-20.925201, 7.602467, 4.347443, -16.925201, 3.402485, 4.847443, -16.925201, 11.802410, 3.847443, 0.998901, 0.000534, 0.000366, 0.000000,-19.926300, 7.603001, 4.347809, -15.926300, 4.003033, 4.847809, -15.926300, 11.202896, 3.847809, 0, 0
-19.926300, 7.603001, 4.347809, -15.926300, 4.003033, 4.847809, -15.926300, 11.202896, 3.847809, 0.881165, 0.736334, -0.005371, 0.000000,-19.045135, 8.339334, 4.342438, -15.045135, 4.739366, 4.842438, -15.045135, 11.939228, 3.842468, 0, 0
-19.045135, 8.339334, 4.342438, -15.045135, 4.739366, 4.842438, -15.045135, 11.939228, 3.842468, 0.999481, -0.000284, -0.740082, 0.000000,-18.045654, 8.339050, 3.602356, -14.045654, 4.739089, 4.102356, -14.045685, 11.938953, 3.102356, 0, 0
-18.045654, 8.339050, 3.602356, -14.045654, 4.739089, 4.102356, -14.045685, 11.938953, 3.102356, 0.979248, 0.580313, 0.000519, 0.000000,-17.066406, 8.919363, 3.602875, -13.066406, 5.319402, 4.102875, -13.066437, 12.519262, 3.102875, 0, 0
-17.066406, 8.919363, 3.602875, -13.066406, 5.319402, 4.102875, -13.066437, 12.519262, 3.102875, 0.958923, 0.000498, -0.698822, 0.000000,-16.107483, 8.919861, 2.904053, -12.107483, 5.319899, 3.404053, -12.107513, 12.519762, 2.404083, 0, 0
-16.107483, 8.919861, 2.904053, -12.107483, 5.319899, 3.404053, -12.107513, 12.519762, 2.404083, 0.999786, 0.519438, -0.000763, 0.000000,-15.107697, 9.439299, 2.903290, -11.107697, 5.839334, 3.403290, -11.107697, 13.039198, 2.403290, 0, 0
-15.107697, 9.439299, 2.903290, -11.107697, 5.839334, 3.403290, -11.107697, 13.039198, 2.403290, 0.999115, -0.078791, -0.558990, 0.000000,-14.108582, 9.360508, 2.344299, -10.108551, 5.760590, 2.844299, -10.108643, 12.960453, 1.844330, 0, 0
-14.108582, 9.360508, 2.344299, -10.108551, 5.760590, 2.844299, -10.108643, 12.960453, 1.844330, 0.999268, -0.022182, -0.001160, 0.000000,-13.109314, 9.338326, 2.343140, -9.109314, 5.738359, 2.843140, -9.109314, 12.938225, 1.843170, 0, 0
-13.109314, 9.338326, 2.343140, -9.109314, 5.738359, 2.843140, -9.109314, 12.938225, 1.843170, 0.999359, -0.040295, -0.000397, 0.000000,-12.109955, 9.298031, 2.342743, -8.109955, 5.698075, 2.842743, -8.109985, 12.897934, 1.842743, 0, 0
-12.109955, 9.298031, 2.342743, -8.109955, 5.698075, 2.842743, -8.109985, 12.897934, 1.842743, 0.899506, -0.039984, -0.459656, 0.000000,-11.210449, 9.258047, 1.883087, -7.210449, 5.658092, 2.383087, -7.210480, 12.857954, 1.383087, 0, 0
-11.210449, 9.258047, 1.883087, -7.210449, 5.658092, 2.383087, -7.210480, 12.857954, 1.383087, 0.998962, 0.520687, 0.000519, -0.550000,-10.211487, 9.778734, 1.883606, -6.211487, 6.178793, 2.383606, -6.211548, 13.378654, 1.383606, 0, 0
-10.211487, 9.778734, 1.883606, -6.211487, 6.178793, 2.383606, -6.211548, 13.378654, 1.383606, 0.999725, -0.021301, -0.000916, 0.000000,-9.211761, 9.757433, 1.882690, -5.211792, 6.707476, 2.382721, -5.211792, 12.807287, 1.382690, 0, 0
-9.211761, 9.757433, 1.882690, -5.211792, 6.707476, 2.382721, -5.211792, 12.807287, 1.382690, 0.999298, -0.019953, 0.000153, 0.000000,-8.212463, 9.737480, 1.882843, -4.212463, 6.687518, 2.382843, -4.212524, 12.787334, 1.382843, 0, 0
-8.212463, 9.737480, 1.882843, -4.212463, 6.687518, 2.382843, -4.212524, 12.787334, 1.382843, 0.999023, -0.059494, -0.239166, -1.000000,-7.213440, 9.677986, 1.643677, -3.213440, 6.628037, 2.143677, -3.213501, 12.727854, 1.143677, 0, 0
-7.213440, 9.677986, 1.643677, -3.213440, 6.628037, 2.143677, -3.213501, 12.727854, 1.143677, 0.999084, 0.000336, 0.000488, -0.700000,-6.214355, 9.678322, 1.644165, -2.214355, 7.628368, 2.144165, -2.214417, 11.728144, 1.144165, 0, 0
-6.214355, 9.678322, 1.644165, -2.214355, 7.628368, 2.144165, -2.214417, 11.728144, 1.144165, 0.999939, -0.020851, 1.000000, 0.000000,-5.214417, 9.657471, 6.642883, -1.214417, 7.747528, 7.142914, -1.214478, 11.567295, 6.142883, 1, 0
