-35.600006, -7.000007, 7.000000, -31.599976, -11.999983, 7.499969, -31.600037, -1.999986, 6.500031, 0.038635, -0.002010, 0.000397, 0.000000,-35.561371, -7.002017, 7.000397, -31.561340, -12.001982, 7.500458, -31.561432, -2.002007, 6.500397, 0, 0
-35.561371, -7.002017, 7.000397, -31.561340, -12.001982, 7.500458, -31.561432, -2.002007, 6.500397, 0.502655, 1.000000, -0.756561, 0.000000,-35.058716, -5.999162, 6.243835, -31.058685, -10.999141, 6.743866, -31.058746, -0.999163, 5.743835, 0, 0
-35.058716, -5.999162, 6.243835, -31.058685, -10.999141, 6.743866, -31.058746, -0.999163, 5.743835, 0.619476, 1.000000, 0.000824, 0.000000,-34.439240, -4.998713, 6.244659, -30.439240, -9.998713, 6.744690, -30.439240, 0.001268, 5.744659, 0, 0
-34.439240, -4.998713, 6.244659, -30.439240, -9.998713, 6.744690, -30.439240, 0.001268, 5.744659, 0.439545, 1.000000, 0.000671, 0.000000,-33.999695, -3.998052, 6.245331, -29.999695, -8.998055, 6.745361, -29.999695, 1.001925, 5.745300, 0, 0
-33.999695, -3.998052, 6.245331, -29.999695, -8.998055, 6.745361, -29.999695, 1.001925, 5.745300, 0.559601, 0.840806, -0.299072, 0.000000,-33.440094, -3.157246, 5.946259, -29.440094, -8.157241, 6.446289, -29.440094, 1.842739, 5.446259, 0, 0
-33.440094, -3.157246, 5.946259, -29.440094, -8.157241, 6.446289, -29.440094, 1.842739, 5.446259, 0.719299, 0.980814, 0.000885, 0.000000,-32.720795, -2.176432, 5.947144, -28.720795, -7.176432, 6.447174, -28.720795, 2.823547, 5.447144, 0, 0
-32.720795, -2.176432, 5.947144, -28.720795, -7.176432, 6.447174, -28.720795, 2.823547, 5.447144, 0.600616, 0.992906, -0.006287, 0.000000,-32.120178, -1.183526, 5.940857, -28.120178, -6.183524, 6.440887, -28.120178, 3.816458, 5.440857, 0, 0
-32.120178, -1.183526, 5.940857, -28.120178, -6.183524, 6.440887, -28.120178, 3.816458, 5.440857, 0.999512, -0.058442, -0.458740, 0.000000,-31.120667, -1.241967, 5.482117, -27.120636, -6.241937, 5.982117, -27.120728, 3.758048, 4.982147, 0, 0
-31.120667, -1.241967, 5.482117, -27.120636, -6.241937, 5.982117, -27.120728, 3.758048, 4.982147, 0.979095, 0.779658, 0.000793, 0.000000,-30.141571, -0.462309, 5.482910, -26.141602, -5.462341, 5.982941, -26.141541, 4.537642, 4.982910, 0, 0
-30.141571, -0.462309, 5.482910, -26.141602, -5.462341, 5.982941, -26.141541, 4.537642, 4.982910, 0.999908, -0.020474, -0.001282, 0.000000,-29.141663, -0.482783, 5.481628, -25.141602, -5.482729, 5.981659, -25.141724, 4.517252, 4.981628, 0, 0
-29.141663, -0.482783, 5.481628, -25.141602, -5.482729, 5.981659, -25.141724, 4.517252, 4.981628, 0.999268, -0.019243, 0.001495, 0.000000,-28.142395, -0.502027, 5.483124, -24.142365, -5.501998, 5.983185, -24.142426, 4.497982, 4.983154, 0, 0
-28.142395, -0.502027, 5.483124, -24.142365, -5.501998, 5.983185, -24.142426, 4.497982, 4.983154, 0.999420, -0.021253, -0.001526, 0.000000,-27.142975, -0.523279, 5.481598, -23.142975, -5.523276, 5.981628, -23.142975, 4.476710, 4.981628, 0, 0
-27.142975, -0.523279, 5.481598, -23.142975, -5.523276, 5.981628, -23.142975, 4.476710, 4.981628, 0.999420, -0.020022, 0.000092, 0.000000,-26.143555, -0.543302, 5.481689, -22.143555, -5.543286, 5.981720, -22.143585, 4.456699, 4.981720, 0, 0
-26.143555, -0.543302, 5.481689, -22.143555, -5.543286, 5.981720, -22.143585, 4.456699, 4.981720, 0.999847, -0.056255, -0.558929, 0.000000,-25.143707, -0.599557, 4.922760, -21.143463, -5.599367, 5.422760, -21.143951, 4.400620, 4.422821, 0, 0
-25.143707, -0.599557, 4.922760, -21.143463, -5.599367, 5.422760, -21.143951, 4.400620, 4.422821, 0.998505, -0.002215, 0.000702, 0.000000,-24.145203, -0.601772, 4.923462, -20.145203, -5.601779, 5.423492, -20.145203, 4.398199, 4.423462, 0, 0
-24.145203, -0.601772, 4.923462, -20.145203, -5.601779, 5.423492, -20.145203, 4.398199, 4.423462, 0.999115, 0.000648, 0.000854, 0.000000,-23.146088, -0.601124, 4.924316, -19.146088, -5.601118, 5.424347, -19.146088, 4.398862, 4.424316, 0, 0
-23.146088, -0.601124, 4.924316, -19.146088, -5.601118, 5.424347, -19.146088, 4.398862, 4.424316, 1.000000, -0.042772, -0.002655, 0.000000,-22.145905, -0.643896, 4.921661, -18.145905, -5.643888, 5.421692, -18.145935, 4.356094, 4.421661, 0, 0
-22.145905, -0.643896, 4.921661, -18.145905, -5.643888, 5.421692, -18.145935, 4.356094, 4.421661, 0.998383, -0.040439, -0.000854, 0.000000,-21.147522, -0.684335, 4.920807, -17.147644, -5.684435, 5.420715, -17.147430, 4.315549, 4.420746, 0, 0
-21.147522, -0.684335, 4.920807, -17.147644, -5.684435, 5.420715, -17.147430, 4.315549, 4.420746, 0.000610, 0.000558, -0.518677, 0.000000,-21.146912, -0.683777, 4.402130, -17.146912, -5.683780, 4.902161, -17.146912, 4.316198, 3.902130, 0, 0
-21.146912, -0.683777, 4.402130, -17.146912, -5.683780, 4.902161, -17.146912, 4.316198, 3.902130, 0.999176, 0.001175, 0.001221, 0.000000,-20.147736, -0.682602, 4.403351, -16.147705, -5.682578, 4.903381, -16.147766, 4.317404, 3.903351, 0, 0
-20.147736, -0.682602, 4.403351, -16.147705, -5.682578, 4.903381, -16.147766, 4.317404, 3.903351, 0.739441, 0.420887, 0.000732, -0.400000,-19.408295, -0.261715, 4.404083, -15.408264, -5.261696, 4.904114, -15.408325, 4.738282, 3.904083, 0, 0
-19.408295, -0.261715, 4.404083, -15.408264, -5.261696, 4.904114, -15.408325, 4.738282, 3.904083, 0.880157, -0.002520, -0.002533, 0.000000,-18.528137, -0.264235, 4.401550, -14.528107, -4.864192, 4.901581, -14.528198, 4.335722, 3.901550, 0, 0
-18.528137, -0.264235, 4.401550, -14.528107, -4.864192, 4.901581, -14.528198, 4.335722, 3.901550, 0.998932, -0.019370, 0.000580, 0.000000,-17.529205, -0.283605, 4.402130, -13.529175, -4.883566, 4.902161, -13.529266, 4.316343, 3.902130, 0, 0
-17.529205, -0.283605, 4.402130, -13.529175, -4.883566, 4.902161, -13.529266, 4.316343, 3.902130, 0.998810, -0.059561, 0.000732, 0.000000,-16.530396, -0.343165, 4.402863, -12.530365, -4.943138, 4.902893, -12.530426, 4.256774, 3.902893, 0, 0
-16.530396, -0.343165, 4.402863, -12.530365, -4.943138, 4.902893, -12.530426, 4.256774, 3.902893, 0.999054, 0.000780, 0.000427, 0.000000,-15.531342, -0.342385, 4.403290, -11.531311, -4.942347, 4.903351, -11.531403, 4.257563, 3.903290, 0, 0
-15.531342, -0.342385, 4.403290, -11.531311, -4.942347, 4.903351, -11.531403, 4.257563, 3.903290, 0.960388, -0.100858, -0.321838, 0.000000,-14.570953, -0.443243, 4.081451, -10.570862, -5.043151, 4.581482, -10.571075, 4.156763, 3.581451, 0, 0
-14.570953, -0.443243, 4.081451, -10.570862, -5.043151, 4.581482, -10.571075, 4.156763, 3.581451, 0.998718, -0.000319, 0.000702, 0.000000,-13.572235, -0.443562, 4.082153, -9.572205, -5.043520, 4.582184, -9.572296, 4.156388, 3.582153, 0, 0
-13.572235, -0.443562, 4.082153, -9.572205, -5.043520, 4.582184, -9.572296, 4.156388, 3.582153, 0.759399, -0.100242, -0.319519, 0.000000,-12.812836, -0.543803, 3.762634, -8.812805, -5.143771, 4.262665, -8.812866, 4.056146, 3.262634, 0, 0
-12.812836, -0.543803, 3.762634, -8.812805, -5.143771, 4.262665, -8.812866, 4.056146, 3.262634, 0.998962, 0.000392, 0.000427, 0.000000,-11.813873, -0.543411, 3.763062, -7.813843, -5.143385, 4.263092, -7.813904, 4.056524, 3.263092, 0, 0
-11.813873, -0.543411, 3.763062, -7.813843, -5.143385, 4.263092, -7.813904, 4.056524, 3.263092, 0.999146, 0.421081, 0.000824, 0.000000,-10.814728, -0.122331, 3.763885, -6.814697, -4.722292, 4.263916, -6.814758, 4.477625, 3.263916, 0, 0
-10.814728, -0.122331, 3.763885, -6.814697, -4.722292, 4.263916, -6.814758, 4.477625, 3.263916, 0.998840, -0.019653, 0.000366, 0.000000,-9.815887, -0.141984, 3.764252, -5.815857, -4.741954, 4.264282, -5.815918, 4.457959, 3.264282, 0, 0
-9.815887, -0.141984, 3.764252, -5.815857, -4.741954, 4.264282, -5.815918, 4.457959, 3.264282, -0.000458, 0.000235, -0.479218, 0.000000,-9.816345, -0.141749, 3.285034, -5.816345, -4.741729, 3.785095, -5.816345, 4.458178, 2.785034, 0, 0
-9.816345, -0.141749, 3.285034, -5.816345, -4.741729, 3.785095, -5.816345, 4.458178, 2.785034, 0.999023, -0.019207, -0.259338, 0.000000,-8.817322, -0.160956, 3.025696, -4.817322, -4.760932, 3.525726, -4.817383, 4.438979, 2.525696, 0, 0
-8.817322, -0.160956, 3.025696, -4.817322, -4.760932, 3.525726, -4.817383, 4.438979, 2.525696, 0.998749, -0.019418, 0.000366, -0.500000,-7.818573, -0.180374, 3.026062, -3.818542, -4.780340, 3.526093, -3.818604, 4.419569, 2.526062, 0, 0
-7.818573, -0.180374, 3.026062, -3.818542, -4.780340, 3.526093, -3.818604, 4.419569, 2.526062, 1.000000, -0.005047, -0.003784, -0.950000,-6.817078, -0.185421, 3.022278, -2.817078, -4.285381, 3.522308, -2.817078, 3.914471, 2.522278, 0, 0
-6.817078, -0.185421, 3.022278, -2.817078, -4.285381, 3.522308, -2.817078, 3.914471, 2.522278, 0.999390, -0.060378, 1.000000, 0.000000,-5.817688, -0.245799, 8.021912, -1.817688, -3.775750, 8.521973, -1.817688, 3.284079, 7.521912, 1, 0
