-35.600006, -7.000007, 7.000000, -31.599976, -11.999983, 7.499969, -31.600037, -1.999986, 6.500031, 0.041443, 0.000004, -0.000183, 0.000000,-35.558563, -7.000003, 6.999817, -31.558533, -11.999987, 7.499847, -31.558594, -2.000009, 6.499817, 0, 0
-35.558563, -7.000003, 6.999817, -31.558533, -11.999987, 7.499847, -31.558594, -2.000009, 6.499817, 1.000000, 0.624390, -0.555328, 0.000000,-34.555634, -6.375613, 6.444489, -30.555573, -11.375555, 6.944550, -30.555725, -1.375578, 5.944489, 0, 0
-34.555634, -6.375613, 6.444489, -30.555573, -11.375555, 6.944550, -30.555725, -1.375578, 5.944489, 0.999023, -0.019439, 0.001068, 0.000000,-33.556610, -6.395051, 6.445557, -29.556580, -11.395030, 6.945587, -29.556641, -1.395049, 5.945587, 0, 0
-33.556610, -6.395051, 6.445557, -29.556580, -11.395030, 6.945587, -29.556641, -1.395049, 5.945587, 0.899017, 0.580509, 0.001221, -0.550000,-32.657593, -5.814542, 6.446777, -28.657593, -10.814532, 6.946808, -28.657623, -0.814552, 5.946808, 0, 0
-32.657593, -5.814542, 6.446777, -28.657593, -10.814532, 6.946808, -28.657623, -0.814552, 5.946808, 0.739197, 0.700707, 0.000946, 0.000000,-31.918396, -5.113835, 6.447723, -27.918365, -9.563817, 6.947754, -27.918427, -0.663898, 5.947723, 0, 0
-31.918396, -5.113835, 6.447723, -27.918365, -9.563817, 6.947754, -27.918427, -0.663898, 5.947723, 0.700714, 0.494475, -0.666412, 0.000000,-31.217682, -4.619360, 5.781311, -27.217621, -9.069316, 6.281342, -27.217743, -0.169392, 5.281342, 0, 0
-31.217682, -4.619360, 5.781311, -27.217621, -9.069316, 6.281342, -27.217743, -0.169392, 5.281342, 0.859253, 0.600342, 0.001190, 0.000000,-30.358429, -4.019018, 5.782501, -26.358429, -8.469005, 6.282532, -26.358459, 0.430918, 5.282532, 0, 0
-30.358429, -4.019018, 5.782501, -26.358429, -8.469005, 6.282532, -26.358459, 0.430918, 5.282532, 0.899536, 0.461296, 0.000763, 0.000000,-29.458893, -3.557722, 5.783264, -25.458832, -8.007666, 6.283295, -25.458954, 0.892254, 5.283295, 0, 0
-29.458893, -3.557722, 5.783264, -25.458832, -8.007666, 6.283295, -25.458954, 0.892254, 5.283295, 0.999146, 0.000723, 0.000824, 0.000000,-28.459747, -3.556999, 5.784088, -24.459717, -8.006971, 6.284119, -24.459778, 0.892954, 5.284119, 0, 0
-28.459747, -3.556999, 5.784088, -24.459717, -8.006971, 6.284119, -24.459778, 0.892954, 5.284119, 0.999847, -0.002630, -0.002991, 0.000000,-27.459900, -3.559629, 5.781097, -23.459869, -8.009596, 6.281128, -23.459961, 0.890329, 5.281128, 0, 0
-27.459900, -3.559629, 5.781097, -23.459869, -8.009596, 6.281128, -23.459961, 0.890329, 5.281128, 0.999207, 0.000899, 0.001129, 0.000000,-26.460693, -3.558730, 5.782227, -22.460632, -8.008688, 6.282257, -22.460754, 0.891239, 5.282257, 0, 0
-26.460693, -3.558730, 5.782227, -22.460632, -8.008688, 6.282257, -22.460754, 0.891239, 5.282257, 0.999146, 0.000755, 0.000793, -0.550000,-25.461548, -3.557974, 5.783020, -21.461517, -8.007935, 6.283051, -21.461609, 0.891989, 5.283051, 0, 0
-25.461548, -3.557974, 5.783020, -21.461517, -8.007935, 6.283051, -21.461609, 0.891989, 5.283051, 0.399475, 0.440625, -0.998535, 0.000000,-25.062073, -3.117350, 4.784485, -21.062073, -7.017312, 5.284515, -21.062134, 0.782541, 4.284485, 0, 0
-25.062073, -3.117350, 4.784485, -21.062073, -7.017312, 5.284515, -21.062134, 0.782541, 4.284485, 0.999329, -0.058857, 0.001221, 0.000000,-24.062744, -3.176207, 4.785706, -20.062714, -7.076151, 5.285736, -20.062805, 0.723705, 4.285736, 0, 0
-24.062744, -3.176207, 4.785706, -20.062714, -7.076151, 5.285736, -20.062805, 0.723705, 4.285736, 0.978912, 0.600687, 0.000580, 0.000000,-23.083832, -2.575520, 4.786285, -19.083832, -6.475480, 5.286316, -19.083893, 1.324373, 4.286316, 0, 0
-23.083832, -2.575520, 4.786285, -19.083832, -6.475480, 5.286316, -19.083893, 1.324373, 4.286316, 0.999115, -0.039239, 0.000610, 0.000000,-22.084717, -2.614759, 4.786896, -18.084686, -6.514691, 5.286926, -18.084808, 1.285161, 4.286926, 0, 0
-22.084717, -2.614759, 4.786896, -18.084686, -6.514691, 5.286926, -18.084808, 1.285161, 4.286926, 1.000000, -0.004508, -0.004517, 0.000000,-21.084290, -2.619267, 4.782379, -17.084290, -6.519225, 5.282410, -17.084351, 1.280630, 4.282410, 0, 0
-21.084290, -2.619267, 4.782379, -17.084290, -6.519225, 5.282410, -17.084351, 1.280630, 4.282410, 0.999298, 0.701004, 0.000702, 0.000000,-20.084991, -1.918263, 4.783081, -16.084961, -5.818194, 5.283112, -16.085083, 1.981658, 4.283081, 0, 0
-20.084991, -1.918263, 4.783081, -16.084961, -5.818194, 5.283112, -16.085083, 1.981658, 4.283081, 0.999023, 0.000356, 0.000732, 0.000000,-19.085968, -1.917907, 4.783813, -15.085968, -5.817870, 5.283844, -15.086029, 1.981982, 4.283813, 0, 0
-19.085968, -1.917907, 4.783813, -15.085968, -5.817870, 5.283844, -15.086029, 1.981982, 4.283813, 1.000000, 0.618571, -0.002136, 0.000000,-18.085815, -1.299335, 4.781677, -14.085785, -5.199271, 5.281708, -14.085907, 2.600578, 4.281677, 0, 0
-18.085815, -1.299335, 4.781677, -14.085785, -5.199271, 5.281708, -14.085907, 2.600578, 4.281677, 0.999115, 0.000163, 0.000183, 0.000000,-17.086700, -1.299172, 4.781860, -13.086670, -5.199112, 5.281891, -13.086792, 2.600737, 4.281860, 0, 0
-17.086700, -1.299172, 4.781860, -13.086670, -5.199112, 5.281891, -13.086792, 2.600737, 4.281860, 0.999756, -0.001826, -0.000458, 0.000000,-16.086945, -1.300999, 4.781403, -12.086914, -5.200953, 5.281433, -12.087006, 2.598903, 4.281403, 0, 0
-16.086945, -1.300999, 4.781403, -12.086914, -5.200953, 5.281433, -12.087006, 2.598903, 4.281403, 0.659821, 0.502119, 0.000488, 0.000000,-15.427124, -0.798880, 4.781891, -11.427002, -4.698741, 5.281921, -11.427277, 3.101110, 4.281891, 0, 0
-15.427124, -0.798880, 4.781891, -11.427002, -4.698741, 5.281921, -11.427277, 3.101110, 4.281891, 0.998840, -0.000980, 0.000366, 0.000000,-14.428284, -0.799860, 4.782257, -10.428253, -4.699797, 5.282288, -10.428345, 3.100054, 4.282257, 0, 0
-14.428284, -0.799860, 4.782257, -10.428253, -4.699797, 5.282288, -10.428345, 3.100054, 4.282257, 0.999023, 0.000378, 0.000641, 0.000000,-13.429260, -0.799482, 4.782898, -9.429230, -4.699437, 5.282928, -9.429321, 3.100412, 4.282898, 0, 0
-13.429260, -0.799482, 4.782898, -9.429230, -4.699437, 5.282928, -9.429321, 3.100412, 4.282898, 1.000000, -0.002232, -0.002136, 0.000000,-12.429016, -0.801714, 4.780762, -8.428986, -4.701662, 5.280792, -8.429077, 3.098190, 4.280762, 0, 0
-12.429016, -0.801714, 4.780762, -8.428986, -4.701662, 5.280792, -8.429077, 3.098190, 4.280762, 0.819550, -0.079226, -0.819214, 0.000000,-11.609467, -0.880939, 3.961548, -7.609436, -4.780888, 4.461578, -7.609528, 3.018967, 3.461578, 0, 0
-11.609467, -0.880939, 3.961548, -7.609436, -4.780888, 4.461578, -7.609528, 3.018967, 3.461578, 0.839539, 0.519758, -0.000031, 0.000000,-10.769928, -0.361181, 3.961517, -6.769897, -4.261118, 4.461548, -6.770020, 3.538734, 3.461517, 0, 0
-10.769928, -0.361181, 3.961517, -6.769897, -4.261118, 4.461548, -6.770020, 3.538734, 3.461517, 0.998840, 0.000233, 0.000610, 0.000000,-9.771088, -0.360949, 3.962128, -5.771057, -4.260896, 4.462158, -5.771179, 3.538956, 3.462158, 0, 0
-9.771088, -0.360949, 3.962128, -5.771057, -4.260896, 4.462158, -5.771179, 3.538956, 3.462158, 1.000000, -0.000866, -0.000916, 0.000000,-8.771027, -0.361814, 3.961212, -4.770996, -4.261759, 4.461243, -4.771118, 3.538096, 3.461243, 0, 0
-8.771027, -0.361814, 3.961212, -4.770996, -4.261759, 4.461243, -4.771118, 3.538096, 3.461243, 0.819366, 0.020020, 0.000214, -0.600000,-7.951660, -0.341794, 3.961426, -3.951660, -4.241747, 4.461456, -3.951721, 3.558104, 3.461456, 0, 0
-7.951660, -0.341794, 3.961426, -3.951660, -4.241747, 4.461456, -3.951721, 3.558104, 3.461456, 0.938599, 0.000627, 1.000000, 0.000000,-7.013062, -0.341167, 8.961761, -3.013062, -3.641121, 9.461792, -3.013123, 2.958662, 8.461761, 1, 0
