-35.600006, -7.000007, 7.000000, -31.599976, -11.999983, 7.499969, -31.600037, -1.999986, 6.500031, 0.042206, 0.002039, 0.003082, 0.000000,-35.557800, -6.997968, 7.003082, -31.557770, -11.997940, 7.503082, -31.557831, -1.997949, 6.503174, 0, 0
-35.557800, -6.997968, 7.003082, -31.557770, -11.997940, 7.503082, -31.557831, -1.997949, 6.503174, 0.939209, 0.780842, -0.619049, 0.000000,-34.618591, -6.217126, 6.384033, -30.618561, -11.217100, 6.884033, -30.618622, -1.217115, 5.884064, 0, 0
-34.618591, -6.217126, 6.384033, -30.618561, -11.217100, 6.884033, -30.618622, -1.217115, 5.884064, 0.879333, 0.980512, 0.000702, 0.000000,-33.739258, -5.236614, 6.384735, -29.739258, -10.236599, 6.884766, -29.739288, -0.236621, 5.884735, 0, 0
-33.739258, -5.236614, 6.384735, -29.739258, -10.236599, 6.884766, -29.739288, -0.236621, 5.884735, 0.939209, 1.000000, -0.459290, 0.000000,-32.800049, -4.236508, 5.925446, -28.800049, -9.236492, 6.425446, -28.800079, 0.763490, 5.425476, 0, 0
-32.800049, -4.236508, 5.925446, -28.800049, -9.236492, 6.425446, -28.800079, 0.763490, 5.425476, 0.799316, 0.993379, -0.004700, 0.000000,-32.000732, -3.243129, 5.920746, -28.000732, -8.243126, 6.420776, -28.000732, 1.756846, 5.420746, 0, 0
-32.000732, -3.243129, 5.920746, -28.000732, -8.243126, 6.420776, -28.000732, 1.756846, 5.420746, 0.599670, 0.980747, 0.000366, 0.000000,-31.401062, -2.262383, 5.921112, -27.401062, -7.262372, 6.421112, -27.401093, 2.737611, 5.421143, 0, 0
-31.401062, -2.262383, 5.921112, -27.401062, -7.262372, 6.421112, -27.401093, 2.737611, 5.421143, 0.639526, 0.999343, -0.000427, 0.000000,-30.761536, -1.263040, 5.920685, -26.761536, -6.263046, 6.420685, -26.761536, 3.736941, 5.420715, 0, 0
-30.761536, -1.263040, 5.920685, -26.761536, -6.263046, 6.420685, -26.761536, 3.736941, 5.420715, 0.678925, 0.996783, 0.000641, 0.000000,-30.082611, -0.266256, 5.921326, -26.082916, -5.266490, 6.421326, -26.082336, 4.733496, 5.421356, 0, 0
-30.082611, -0.266256, 5.921326, -26.082916, -5.266490, 6.421326, -26.082336, 4.733496, 5.421356, 1.000000, 0.004970, 0.000641, 0.000000,-29.082611, -0.261287, 5.921967, -25.082611, -5.261290, 6.421967, -25.082611, 4.738690, 5.421997, 0, 0
-29.082611, -0.261287, 5.921967, -25.082611, -5.261290, 6.421967, -25.082611, 4.738690, 5.421997, 0.999359, -0.018756, 0.000793, 0.000000,-28.083252, -0.280043, 5.922760, -24.083252, -5.280033, 6.422791, -24.083282, 4.719945, 5.422760, 0, 0
-28.083252, -0.280043, 5.922760, -24.083252, -5.280033, 6.422791, -24.083282, 4.719945, 5.422760, 0.999176, -0.039541, 0.000702, 0.000000,-27.084076, -0.319584, 5.923462, -23.084076, -5.319568, 6.423492, -23.084106, 4.680412, 5.423492, 0, 0
-27.084076, -0.319584, 5.923462, -23.084076, -5.319568, 6.423492, -23.084106, 4.680412, 5.423492, 0.999146, -0.078863, -0.459167, 0.000000,-26.084930, -0.398447, 5.464294, -22.084930, -5.398441, 5.964264, -22.084930, 4.601547, 4.964325, 0, 0
-26.084930, -0.398447, 5.464294, -22.084930, -5.398441, 5.964264, -22.084930, 4.601547, 4.964325, 0.900330, 0.874744, -0.003418, 0.000000,-25.184601, 0.476297, 5.460876, -21.184601, -4.523695, 5.960876, -21.184601, 5.476288, 4.960907, 0, 0
-25.184601, 0.476297, 5.460876, -21.184601, -4.523695, 5.960876, -21.184601, 5.476288, 4.960907, 0.819885, -0.076520, -0.918945, 0.000000,-24.364716, 0.399777, 4.541931, -20.364532, -4.600066, 5.041931, -20.364929, 5.399914, 4.041931, 0, 0
-24.364716, 0.399777, 4.541931, -20.364532, -4.600066, 5.041931, -20.364929, 5.399914, 4.041931, 0.998444, -0.001558, 0.000458, 0.000000,-23.366272, 0.398219, 4.542389, -19.366272, -4.601789, 5.042358, -19.366272, 5.398195, 4.042389, 0, 0
-23.366272, 0.398219, 4.542389, -19.366272, -4.601789, 5.042358, -19.366272, 5.398195, 4.042389, 0.999054, -0.059807, 0.000641, 0.000000,-22.367218, 0.338412, 4.543030, -18.367188, -4.661569, 5.043030, -18.367249, 5.338413, 4.043030, 0, 0
-22.367218, 0.338412, 4.543030, -18.367188, -4.661569, 5.043030, -18.367249, 5.338413, 4.043030, 0.999146, -0.019267, 0.000641, 0.000000,-21.368073, 0.319145, 4.543671, -17.368073, -4.680853, 5.043671, -17.368073, 5.319126, 4.043671, 0, 0
-21.368073, 0.319145, 4.543671, -17.368073, -4.680853, 5.043671, -17.368073, 5.319126, 4.043671, 0.998840, -0.019101, 0.000580, 0.000000,-20.369232, 0.300044, 4.544250, -16.369232, -4.699950, 5.044281, -16.369232, 5.300032, 4.044281, 0, 0
-20.369232, 0.300044, 4.544250, -16.369232, -4.699950, 5.044281, -16.369232, 5.300032, 4.044281, 1.000000, -0.043892, -0.002686, 0.000000,-19.368713, 0.256152, 4.541565, -15.368713, -4.743836, 5.041595, -15.368744, 5.256143, 4.041595, 0, 0
-19.368713, 0.256152, 4.541565, -15.368713, -4.743836, 5.041595, -15.368744, 5.256143, 4.041595, -0.000366, 0.000703, -0.819092, 0.000000,-19.369080, 0.256855, 3.722473, -15.369080, -4.743126, 4.222504, -15.369110, 5.256848, 3.222443, 0, 0
-19.369080, 0.256855, 3.722473, -15.369080, -4.743126, 4.222504, -15.369110, 5.256848, 3.222443, 0.998993, 0.001067, 0.000732, 0.000000,-18.370087, 0.257922, 3.723206, -14.370087, -4.742068, 4.223206, -14.370117, 5.257913, 3.223236, 0, 0
-18.370087, 0.257922, 3.723206, -14.370087, -4.742068, 4.223206, -14.370117, 5.257913, 3.223236, 0.999023, -0.039408, 0.000488, 0.000000,-17.371063, 0.218514, 3.723694, -13.371063, -4.781471, 4.223724, -13.371094, 5.218508, 3.223694, 0, 0
-17.371063, 0.218514, 3.723694, -13.371063, -4.781471, 4.223724, -13.371094, 5.218508, 3.223694, 0.998901, -0.039040, 0.000305, 0.000000,-16.372162, 0.179475, 3.723999, -12.372162, -4.820507, 4.224030, -12.372192, 5.179474, 3.224030, 0, 0
-16.372162, 0.179475, 3.723999, -12.372162, -4.820507, 4.224030, -12.372192, 5.179474, 3.224030, 0.999084, -0.039210, 0.000610, 0.000000,-15.373077, 0.140265, 3.724609, -11.373077, -4.859720, 4.224609, -11.373108, 5.140261, 3.224640, 0, 0
-15.373077, 0.140265, 3.724609, -11.373077, -4.859720, 4.224609, -11.373108, 5.140261, 3.224640, 0.998718, -0.039362, 0.000427, 0.000000,-14.374359, 0.100903, 3.725037, -10.374359, -4.899091, 4.225037, -10.374359, 5.100890, 3.225037, 0, 0
-14.374359, 0.100903, 3.725037, -10.374359, -4.899091, 4.225037, -10.374359, 5.100890, 3.225037, 0.998840, -0.018989, 0.000397, 0.000000,-13.375519, 0.081914, 3.725433, -9.375519, -4.918067, 4.225464, -9.375549, 5.081915, 3.225464, 0, 0
-13.375519, 0.081914, 3.725433, -9.375519, -4.918067, 4.225464, -9.375549, 5.081915, 3.225464, 0.998901, -0.019497, 0.000244, 0.000000,-12.376617, 0.062417, 3.725677, -8.376617, -4.937578, 4.225677, -8.376617, 5.062407, 3.225677, 0, 0
-12.376617, 0.062417, 3.725677, -8.376617, -4.937578, 4.225677, -8.376617, 5.062407, 3.225677, 1.000000, -0.026224, -0.524506, 0.000000,-11.375153, 0.036193, 3.201172, -7.375122, -4.963789, 3.701172, -7.375183, 5.036196, 2.701172, 0, 0
-11.375153, 0.036193, 3.201172, -7.375122, -4.963789, 3.701172, -7.375183, 5.036196, 2.701172, 0.999817, -0.021664, -0.000031, 0.000000,-10.375336, 0.014529, 3.201141, -6.375305, -4.985461, 3.701141, -6.375366, 5.014520, 2.701141, 0, 0
-10.375336, 0.014529, 3.201141, -6.375305, -4.985461, 3.701141, -6.375366, 5.014520, 2.701141, 0.999054, -0.019313, 0.000702, 0.000000,-9.376282, -0.004784, 3.201843, -5.376221, -5.004751, 3.701874, -5.376343, 4.995227, 2.701843, 0, 0
-9.376282, -0.004784, 3.201843, -5.376221, -5.004751, 3.701874, -5.376343, 4.995227, 2.701843, 0.999603, -0.060425, -0.000458, 0.000000,-8.376678, -0.065208, 3.201385, -4.376648, -5.065184, 3.701416, -4.376709, 4.934792, 2.701385, 0, 0
-8.376678, -0.065208, 3.201385, -4.376648, -5.065184, 3.701416, -4.376709, 4.934792, 2.701385, 0.998962, 0.000014, 0.000214, 0.000000,-7.377716, -0.065194, 3.201599, -3.377686, -5.065184, 3.701599, -3.377747, 4.934797, 2.701599, 0, 0
-7.377716, -0.065194, 3.201599, -3.377686, -5.065184, 3.701599, -3.377747, 4.934797, 2.701599, 0.999420, -0.000290, -0.000183, -0.950000,-6.378296, -0.065484, 3.201416, -2.378296, -5.065481, 3.701416, -2.378296, 4.934501, 2.701416, 0, 0
-6.378296, -0.065484, 3.201416, -2.378296, -5.065481, 3.701416, -2.378296, 4.934501, 2.701416, 0.999329, -0.019906, -0.000031, -0.950000,-5.378967, -0.085390, 3.201385, -1.378967, -4.135345, 3.701416, -1.379028, 3.964579, 2.701385, 0, 0
-5.378967, -0.085390, 3.201385, -1.378967, -4.135345, 3.701416, -1.379028, 3.964579, 2.701385, 0.999512, -0.000227, 1.000000, 0.000000,-4.379456, -0.085617, 8.201111, -0.379456, -3.565592, 8.701141, -0.379517, 3.394307, 7.701111, 1, 0
